
758 (1)
748 (10)
728 (100)
702 (1000)
680 (5000)
669 (10000)
641 (50000)
627 (100000)
610 (200000)
599 (300000)
591 (400000)
583 (500000)
556 (1000000)
---------------------------

758 (1)
748 (10)
728 (100)
702 (1000)
680 (5000)
669 (10000)
641 (50000)
627 (100000)
610 (200000)
599 (300000)
591 (400000)
583 (500000)
556 (1000000)
---------------------------

758 (1)
748 (10)
728 (100)
702 (1000)
680 (5000)
669 (10000)
641 (50000)
627 (100000)
610 (200000)
599 (300000)
591 (400000)
583 (500000)
556 (1000000)
---------------------------
